0000001110000110111110000000000000000111001111111111111111111111111111111111100000011111111111000000
0000000000000000000000000000000000000000000000000000000000000000000011111001000000000000111100000000
0001110000000000111111111111110111100111111100000000000111100000111111111111111111111111111111111110
0011111000000000000000001111111100000000000000000000000000000000000000000000000110000000000000000001
1111111111000000010000000000000000000000111111110000000000000000000000000000000001111111111111111111
1111001111100000000111110000011111111000000001111111111111111111111000111111111111111111011111111111
1110100000011111111111000000111000000000011111100000000000000110000000000000000111000000000011111111
1111111111111111111111111011111111111111000000011111111100000000000000000001111111000000001111111111
1000000000000000110000000000000000011111111111111110011000000000000000000010000000111000000000000000
0000000000000001111111100000011111111111100000001111111111000100000001111111111111111100000000000000
0000000000000001000000100000011111111111110000000001111111111111110000110011111111110000000000000001
1111111110111111111111000000000011111111111100000111110000011000111000000000000000000001111111111111
1111000000011111111111000011111000000000000000000000000001111111111111111100001110001000000001111000
0000111111111111110000000111111111111111111111111100000000000000000000000000000000000001000000000101
1111110000000000011111000000000000000000001111111111111111000111101111100000000011111110000000000000
0000011111111111111111111111111111111100001111111111111110000000000001110000000000111111000000000000
1000000000011111111100000111100000000000000000011000000000111000000011111111000000001111111111111111
1111000000000000000000000111111111111111100000011111100111111111111111111111100000000001111111111111
1110011111000000000000000000000000000111111111111111111111111111111111111111111001111111111110000000
0111111100001110001110000111101111111111111111111111111111000000001111111111000000010111111111111000
0000000000000000000000000011111100000000011111111111110000111100000000111111100000011111110000000111
1111101111111111111100000100000000000000000000000000000000001110010000011000000001110111111100001111
1111111111111111111111111111111111111110110111111111111111000011111111111111111111111111111000000000
0001111000000001100001111110000000000000000000000000000000000001101011111111111111000000000001111111
1110000000011111111000000000000000111000000000111111111111111111111111111111111000111110111111111111
1111100100000011111110011111111110011111111000111111111111111111111111110011011111110000000011111101
1100111111000000000000000000000000000000000000000000000000000000001111111111111111011111111111111111
0000000000011110000000000000000001011111111111111111111111111111110000000001111111111111110000011111
1111111111100111111000000000011111111000000000000000000000000000011111111111111100001111111111111000
0000000000001000000000000111111000000000000000111111111000000000000000000000000000000001000001111110
0000000000000000111111111111000001111111111111111111111000000000111111111111111111000000000000000001
0000000000000000000001111111100000001111111111111111100000000000000000000111111100111111111111100110
0011000000000000000000000000001111111111111111000000111001111011111111111101111111111000000000000001
1111000000000001111111111000011111100000000000000000000100111111100000000011111000000000000000000001
1111111111111110001111111111110000001111111111111111111111111111111100000000001110000000000001110000
0001111111000000011110000011100001111111111111111100000000001111110000000111111111111100000000100001
1100000010000011111110000000000000000001111111111111111111111111100001111100000000111000000000111111
1111111000000000000111111111111111000000000100000000000000111111000000000010000000000000011111100000
1111111110011111111111111111111100000000000000011100000000011111111110000000000000000000000000000011
1000000000001000000000000000000011111111111111000000000000000000000000100000000000000000000000000001
1111100000000000011111111000000000000000000000000001111111111111111000000001110000000001110000000000
0111111111111100000001100000000111111111111111100000111111111111111111111111111111111010000000000001
0000000001111111111110000000000000011111100000000000011000000000000000000000000000000000110000011110
0000000001111111111111111110000000000000000001111111110111111111110011111100111111111100001111111100
0000000110000111111110000000000000000000000000000000000000000000011111111111111111111111111111111111
0111111111111000001111110000000000000000000000000000000000000000000001110000000000000001111111111111
0000001111110000000000000000000000000001111111111111111111111111111111111111111111111100000000000000
0001111100000001111111111100000011111111100000000000000011111111110111101111111111111111000000000000
0000001101111111111100000000000000000011111111111111000000000000000000000000000111111110011111111111
1111000000011111111100000011111110000000001111111111110000000000000000000000000000000000000000000010
0000000111111111110000000000111111111110001111111110000000000000000000000000000111101111111111111111
1111111111111111111111111110000000000000000000000000000001000000000000000011100000011000111111111111
1111111111111111111111111111111110110000000011100000000000000000000000000000011111111100000111111100
0000000111000000000111111111111100000011110000000000010000000100000000000000000000000000000000000000
0000000011111111111111111110000000001111111000000011111110000000111111111110000000000000001111111111
1111111111000000001111000000010111101111111111111111111011111111111111000000000000000000000000000000
0111111110000000000011000000111100000000011000000000000000000000000000000000000000000000000000111110
0000000000000111111111111111111111000000000000000000000000011000000001111111111111110000000000000111
1111000001111111111100000000000000000000000111111111111111111110000111111111111111111100111111111111
1111000000011111111100000000000000000001111111111111111111111111111100000000000001111111111111111111
1111111110011111111111111111111111001111011111111111111111111111111111110000000000000000000000000011
1011111110000111111111111111100000000000000000000000011111111111000000111101111111111111111000000111
1011111110001111111111100011111111111111111111111111111111111000000000000001100000000000000000000000
0000000000000011110000000000000000001100100000000000000000111111001101100000011111111111111111111110
0000001011100000000000001000011111111111111111111111111100001111111111111110000000000111111111111110
0000000000001111111111100000000000000000111111111111111000000111111111111111111100000011111111111111
1111110000000000001100000000000001111111100000000000000001111101111111111111100000000000111111100001
1111100000000000001111111111111111111111000000000000000000000000000000001111111111111000001111000111
1000001110010000000000000000000000000000000000000000000001111001110011111111111100001111111111000000
0000000111111100001110111111111111000000000000000000000000000000001111111111110000000000110001111111
1111110000000000000001100000001111000011111111111111110000011111111111111111111110000000000000000000
0000000000000000000000000000001100001111000111111111111111111111111000100000001111100000000000000000
0000000011111111111100000000000000000011111111111000000000001110000000110000000000000011111111111111
1111111100000011110000000000000000000001000000000000000000000000000000000010000000000000000111111110
0000000000000001111111111111101111111100000000000111111100111111111111011111111100000000011111111111
1110000001111111111111111100001111110000001100000000000111111100000111110000000000000000111111111111
1111111111001110000000000000001111111111110000011111111111111111111000000000001111111111111111000000
0000001110000000011000000001111111111111111111111111100000000000111111111111110000000000100000000000
0111111000000000000000001100000000111111111111111111111100000000000000000000000000001111111100011100
1111111110000001111111111111110001110000001111111111110000011111111111111111111111111111111111111100
0111111111111111111111111111111111111111111100000000000000000011111100000001111111111100000000011111
1111111111111100010111111000000000000000111100000011111111111111000000000000000001100000000000000001
1111111111110011111111111111111111111111111111111111111111111100111100000001111111111111111111111111
1000000000000001111111111100000011111111000000000000000001000011111111111111111100000001111111000110
0011111001111111111111001111111111111111111111100000000000000011111111111110000000011111110000000001
1111111111111111110000000011111111110000000000000111111111111111111000011111100011111111111111001111
1110000000000000110000000111111111000011111000000001000000000000001110000010111111100000000000000000
0111111111110000011111111111110000000111111111111111111111000001111111111111111111111111111100000000
0000000000000000000000000111000000111111111011111111111110000000011111111111111101111111111111111111
1111111111000011111111110000111111111111111111111111000000111111111111101111111111111111111001110000
0000000000000001111111111111111111111111111100000000000000011111111111110000000111111110000000000000
0000000001111111100000000000000000000000000000011000011100111100000111111111111111111111111110000000
0000000000100000000000000000000001110011111110000000000000000001111111111110011111111111111111111111
1000000111111111111111111110000000001000000000000000011111100000110011111111111111111111111111111111
1111111111111111111111111110000000000000000000000000000000000000000000000000000000000000000000000000
0000000011111111111111100000000000000001101111111111111111111111111111111111111110000100000000000011
1111111110000000000000000011111110000000011111111111111111111111111111111111111111111111111111111111
1111111111111111111110111111110000000010000000111111111111111111111111110011110000000000000000111111
1000000000000000000000001111111100000000000000000011111110000111111100000000000000000000001110000000
0000000000111111111111000000000111000000000000000000000000000000000000001000000000000000000000000000
