1.0333074469386117
1.4439111167397825
0.15376954578640406
0.7656915343816555
0.34645316277664917
0.22499946555412492
0.9654761635780571
1.6267152786148946
1.252760383718159
0.33296602526302044
2.0282008197203822
0.7002945032535397
1.2132584986233663
0.8490077664510458
2.048384199936014
1.7705234694446272
0.4080741675585895
0.9854712310897744
1.876606292986564
0.7210648974408453
1.8132872323075766
1.6231330364091168
1.2892622841331383
1.4231718482753426
1.1603174337815418
0.29931735601983933
1.2584936624434495
2.0124839838014075
1.3965661969409997
0.7497498067167212
0.6655548019082042
0.454284886686833
1.0434351132798347
1.4946212952080775
2.0409025353845744
0.8369407547953698
1.0815800244935132
2.3658526883552278
1.6640459158636773
0.5194988739364841
1.7137902911564746
0.8189936358709875
2.1058533537152107
0.5006416593087073
0.8842353366350733
1.1709855191319969
0.908915808729176
1.4238094449736884
2.1949652477560377
2.2536184918059066
2.3308683098302114
1.999716984652868
0.2690714864213909
1.9587811035232139
0.9027445643784695
0.5442872662555068
1.104354531520937
1.1693551536899713
2.225000934825721
0.46088747133646607
0.8354874252025811
2.3017668201243264
0.7255044948752469
2.492785218812861
0.011340180468647765
1.4964792769471098
1.243175188830874
0.5533586885935733
0.24876480291014746
1.9586689625905684
0.9782046045156221
1.2577863917557526
2.104156596784291
1.0723122553502114
1.5849633695502874
0.35572313893630503
1.4015078494965023
0.8136382411009153
0.7028920789022992
0.6949507689343292
1.2907784651763827
1.1329806344127946
1.5275929590395818
1.8208171652915812
0.5474401244648172
1.3771212175592713
1.200056892103544
1.5294319924025777
1.8382952353101216
2.256030896128115
0.026392355873589624
1.904559754675652
2.390093312532703
1.707614936413748
0.6109683249241425
0.560782448109907
0.9868559290266665
1.2530789511010716
0.08608855386710162
1.92962971555532
1.999351307491327
0.5121989083560232
2.205276295950151
0.7167191939283917
0.6794138020956382
1.4043157443797805
1.0216127193797209
1.0084073093125894
1.9642362223823835
2.243907809780525
1.2615954696711582
1.9403232467428968
1.2736922269556699
1.981621647064275
0.8542128426072948
1.8358822285799732
0.033941665763790096
0.9063476129173456
1.2122924221735496
0.470903932104375
0.9571504461235044
1.2517391066892565
0.703462570702728
2.1752875560414204
1.4723913863549964
1.2332307326236467
0.26983396515573355
1.0795461810013505
0.5108381306808791
0.8241912048506005
0.5714026304073079
2.1720114305446856
1.4383750492751632
2.285450706402867
1.844704532067734
2.187597959759514
0.9581514659185514
0.4419568176676929
2.320651006338822
0.42815841460817927
0.116469157883384
2.104728089230827
2.173901987757354
0.4595243858403616
2.067942436821774
2.003506618502005
0.7209864663690946
1.951796528850974
1.3120255635111233
0.1285942451734562
0.4085859282690862
0.2111011947567043
0.7508572315132608
0.37588230551062346
0.9309958552209345
0.4388728335540927
1.5136650225476056
0.7858255937104768
0.20249934884318743
0.38083911759233713
0.08090555557660259
1.253068864608836
1.7178179873151165
2.04920462270171
0.6043698854751723
0.6082883245089719
1.1642742861509847
0.4682888246200988
0.23507012490414714
2.1666067591392517
0.09610157215778531
0.6577443034694676
1.4497792479750358
1.6431659385664816
0.6139109606578167
1.2674014528538726
2.2175596260168113
1.7185850725929306
1.784310932763958
0.955337044982415
0.7639923926952885
0.26589024695056274
1.4938057438598709
0.06737507153008804
0.7122318964529023
1.7394725152894757
1.387874076382277
2.1797884919333956
0.028743905797357458
2.098970360801618
1.7283814391567969
1.2336009875966334
1.5281451275139537
2.1506123577374026
0.9817187099687212
0.4249238256451953
0.966356631808238
0.10840584387094887
1.2615448052796343
1.8194917227675496
1.8782438283644403
1.3860954660093485
0.3494821729169296
0.17167091871983653
1.8468805926396992
0.8885451043543562
0.3568898192941108
0.9265564392293307
2.276219758695125
1.6123538438300933
1.389551829785534
1.3275498146674058
1.1050244457215923
2.132163966087228
0.42311597634790193
0.4868371008169361
1.8530596852031946
1.5178450818235754
1.9648937829267792
0.7171047024364667
1.4299095370564836
0.28328457379473815
2.2511093786670044
1.2067830811578526
1.4091918556273155
1.0503141829155267
1.1978100412886197
1.0282575757096544
1.0728398092753637
1.8518605410095268
1.3580977154797023
1.6367912996268414
2.068563131152513
1.9709162662811228
1.6851633873691743
1.309956376247247
0.6593344907276586
1.9489575280794604
0.6696643175738384
1.5214098237543547
1.3697420732470218
1.1983297157056607
0.24332930546820952
0.6721139159427426
1.2162081714965485
0.40361804844128235
1.5281427401160723
0.09321887193175832
0.16358849207555898
1.2381850564752108
0.4658067076207275
0.3832071839623274
0.788776420499304
2.0560293268691447
1.1991494187228635
0.9785344002445613
1.8742964507853879
0.5504342351883907
0.8662832942503363
0.5671032656030863
0.44108873535988147
1.2140052325495614
2.144815403757525
0.33994564856015824
0.8320676355959216
1.6752788710394275
0.8719054231295986
0.9939637357565521
1.2252028313440813
2.312775513505901
1.593197433076594
0.17413350996186655
0.4061283704037212
0.09237140965123569
0.8063192113819075
1.3753883600767534
1.0784298845599916
1.163126110441183
0.2785292318049335
1.9812263936879357
0.5730499042616921
1.6066005661026637
0.4274970220730663
1.202979350253909
1.8884564200269194
1.0674514826852097
1.5782069871956121
0.8383754197146239
0.4147960995976593
1.7440381211457496
0.7440497016609791
1.9339595534673952
0.16318197516468635
1.3914870799708923
1.0281955976268884
2.3377400555985264
1.6732801865196143
0.04228584618080339
1.5256696704386805
1.3911447648686162
0.004258073105186999
1.6933798664778903
1.0547680161276325
1.3991584393659
1.02395770836675
1.939653020295802
2.2734054678304902
0.10636876158532582
0.6625483137016791
0.3412858291554332
0.8198072857168339
1.4044214915450235
1.0168753378121411
1.302948322197066
0.8882584259142103
1.3597310796109123
1.467530180430527
2.2010080892085053
2.1095248198682968
2.190045474990736
1.9829667930588548
1.4500990118173838
0.5120414292185653
2.04437654625954
2.1862878807275203
0.18339945550529346
0.7286528346941756
0.7019409893083574
2.128163519639778
1.9196492145237563
1.8214762956984873
1.2166253728962881
1.3664567564664245
0.6019948213917322
0.581021879409656
0.09783277902711118
1.4729167494336095
2.453312325510775
1.5886852047331785
1.6956390977702616
1.3290878936823245
1.8545746996572647
1.722830803514865
1.2502136805744628
1.7994413065632442
1.7565501298856363
1.3958371154910285
2.2522415279857304
0.9402660185511373
1.2787109379370667
2.347659882132331
1.7184170958170921
1.751818006972114
1.2410179685181033
0.1606242443188429
1.3775028492898715
0.44459484461778886
1.2053014726844458
0.7270280131187861
2.27761321844038
1.0643652860619217
0.04747664489890152
1.3686864123186062
1.1275102966168915
1.340308421304051
2.0663719988396414
0.13144719558931753
0.6079368177728562
1.2887036903734441
1.5447096480808344
0.17784166099979923
1.5548875841017364
1.5363817024228825
2.1795860652976753
0.7086004972593214
0.09260989784699994
0.8884126735462177
0.1814342397061272
0.7674994265773472
0.6199603156477642
1.073312102556925
0.27517867872321783
1.9974362963155985
0.8624332229098148
1.181119927111534
2.2625257457167827
0.923958218772041
0.9454455018772723
0.3447929916975489
1.4737070122357814
0.3428627110097675
1.7576113826604796
0.47981796417008493
2.189332328941262
2.140290333149654
1.0478249537087234
0.6220630785823256
1.5187748437887567
0.5332504387236305
0.9788404282248939
2.1907827744586017
1.115922638187274
1.7646660928777187
1.3211185496985132
0.48152180329198857
1.931421057260278
1.114063786477228
0.43975624676264563
2.305061128768842
1.0910428294301988
1.7747984151764145
0.03486150652477349
0.6412339088709779
2.024724881577865
0.3287542039765857
1.3009279742972513
1.9537700618988902
0.2328474488082336
1.6181478832922351
2.264427190794927
2.0605306768622142
1.489741935480945
1.4283560053829651
1.3663264738512648
0.8185722051494325
0.291659599859762
0.6692712569634061
2.2631714431039516
0.5315178782622962
1.4072591398660474
1.8288211308658577
0.2724888745368522
0.7668883431494794
0.8735179370767141
0.9620237031521832
2.10543662364538
0.46185761629113553
1.719421407077172
1.8773794549226264
1.7776512884437499
1.7012140683778818
2.4898012365924003
0.9070874415021608
1.0281989572166992
1.4683616910628488
2.2431758186538446
0.633569449644724
2.458842338797874
1.5524370505730767
0.39156182483233287
1.7431678372044257
2.2120241379532763
0.7570131341629349
2.459607023180942
0.9915008874002036
0.8002651534368463
0.39732888277284883
2.2648376355952906
1.2327632645008926
2.4166797365626023
1.9079880706006263
0.28376902748475
0.48520172269812856
1.1926454519691359
1.6407662293780279
0.3697468145572839
0.8439516081839519
0.2836577974303699
1.1770275414118412
1.0312309061395026
0.02317536853619595
2.075464646178036
0.185010907217798
0.6181444504485908
1.1882027501749772
1.9828179836394126
0.8702546572533703
0.0045671445295154545
1.036792399712335
1.3072543544630664
0.6758542017677246
0.5957220747536985
0.7626557435933351
1.6145489735946097
1.787131553121159
1.3207350516905774
1.1834844234957147
0.2687406598257083
0.7531484136325692
1.4149774569406537
2.152684176868542
1.288873204945003
1.0630196043435478
2.385671965492159
2.14025701931952
1.9338440323158874
1.6548869328814744
1.642165816374329
1.8608953681555
0.9812441124178475
0.8838693594211391
2.428543506409769
0.24759662438710633
1.8080861671148056
0.3537399941551791
0.750487407603195
0.6066194284258564
1.1540626637038305
1.2365533261031068
1.5334966113424766
1.238474151447357
2.0314973774189355
2.281128649138961
0.19281070270316375
1.9745901113381241
0.5981545592888584
0.9158358679268999
0.9927950259109128
1.5370802478625196
0.3891731138736031
0.62122805526757
0.7401959513255327
1.086472645458041
1.2860180139576118
1.3482572454451895
0.4158466827286315
1.1668489197679293
1.6808983168194718
1.017677579867121
2.2416884835669704
1.4839610458739658
1.4644820418192845
0.976264272633247
1.4277694127208354
1.9705450027497393
0.9951328295090246
1.1018851836907224
2.1802000504920747
0.13402283429413006
1.4269145087626107
1.4135946985892645
1.5656494088632047
1.4266158893094263
2.2448929155844266
1.6709483260390359
1.376754569681251
2.043938268174192
1.4951655441025629
0.066582337073475
0.2330106150427798
2.0172311668451455
2.3893345394120633
0.23973181796345658
1.7197907139098563
0.48685766519922324
1.252317654248675
1.6608378632926004
0.17336866959930197
0.7587572290041145
1.1264773688272176
1.4932088722516652
0.4388810577316201
1.5704206392554436
0.7558666196825129
1.913963948940446
1.3531770595380475
1.8473996113571625
2.180356672076612
1.219621137281657
1.0228329676180374
0.3683889811569183
1.878049763575186
1.814774382276985
0.5231451161509364
0.6276065303527969
1.0857087599029323
1.9424760043270115
1.2757764186565108
1.7456541050139998
1.3751256508437306
2.0382891321711014
0.3297841155763417
1.004656007639081
0.6151797243580424
0.2975858673464803
1.1031467687724799
1.607990384573053
1.8301717759912268
2.014482106153552
1.7699455408223062
0.9132000199633086
1.149671888572858
2.000103097840389
0.3574620078048938
1.2534982626542774
2.1979310668954963
0.12855357865193873
0.056632160040793744
2.1829059073080157
2.0111868314515666
1.6729408508339525
1.536886908585096
0.6572643485858295
0.0023904632886569965
0.3466875191470694
0.21567586135779374
0.12107668819359847
2.439813455179511
1.1128515328661492
0.9281684247737552
0.619142968547844
0.8172209726072046
1.3988610617026989
1.4997778465914589
0.5079492836371207
0.15653824198990396
1.7044032937359077
1.190495443078993
0.2133805949480258
1.2940563239652263
1.5022543543243787
2.3778599071994524
0.4821235692760485
1.7983791320842664
1.9084301172669562
0.569839621336167
1.9908128416432247
2.3452654975507805
1.0623880734631195
0.4025898524906558
2.087603494981981
0.715153571724531
0.12381554010721266
0.8212626399303172
0.7084290010120473
0.7242201180941966
2.2248468898243114
1.7171929178058427
0.6799335219572671
1.6327326079650883
1.8426540842621737
1.8931188076062524
1.1359514531890877
0.3806881719801307
1.6114999425210166
0.6978177327344612
0.8458293922649701
0.3937808515766008
1.0450334366562537
0.3232585731441342
0.6374591998889534
0.2968423035246289
0.6003583661025657
0.7366236640295465
1.9813984658415738
1.3814903825696934
1.4900050082207734
1.3425024520433604
0.4642302159146253
0.3324772799838921
1.939560894065678
1.7594405375868687
2.107121559334321
0.3724340264802792
2.309514989727446
0.7911173012429406
0.06333365346647801
0.08390578317468339
1.2519144939028577
0.3584845460637538
1.4699383376124127
0.6989175741367407
0.17999468578163735
1.30300419290541
1.3684200227004397
0.2006554533682089
0.42028175403383816
1.2784507134780507
2.1157163148704115
1.3061090792286536
0.5967340728818173
2.4772329626699476
1.7223024786688441
1.1040477322247515
0.7656445970892
2.358810267153003
2.4099544093281424
2.257152364666322
1.069422743863641
0.20426395709544964
2.405083975488114
0.3697247411337991
0.5058535532600784
1.0925872463866497
2.4198463253371774
1.9860524891765658
1.0145062952705097
1.8742831806778408
1.4470234492712535
1.785683189985382
1.860543617961937
0.1526159532508602
0.9872066504561798
0.7128660313260673
0.9135839708864852
1.9702515989103935
0.10197789343098601
1.3397114749747139
0.5265640498723334
0.6957517284775514
2.0064867257878527
2.051275847068141
1.8561142649017182
1.458726085305969
1.0410400372436417
0.8309430066361095
1.9358747425452036
2.2342757108951945
0.12277746245574934
1.9093256458500563
0.4010824226965323
0.811043305325699
1.1156335322578512
1.1175242220244033
1.3573352182822118
0.7479647301602933
0.21362317218003313
0.225153796763075
1.0693956059549243
2.004595631004355
0.10723651833689243
2.4078717953416473
1.9952225618606176
1.1496218669131593
1.448588634542666
2.458256702620071
2.1648955767519813
1.3520257250749794
0.219003031548183
0.6546424996872854
1.7014349728148779
0.6153427061042674
2.0890350606919323
1.7774796059795812
1.6329094257192305
0.8756014897569302
1.6881096802151276
0.8439644503689837
1.9043630369897548
1.0367049080672759
0.8266452373575028
2.455409703635419
0.6298670652289471
1.8983388453089194
1.0602394516794318
0.9736579213767693
1.4753150030991486
1.1597295851572433
1.7422530150648061
0.8420316116170802
1.8821267550527967
0.6074196982102059
0.195861399052066
2.389160599387878
1.6308149864782862
2.108429870742953
1.2103022380311954
0.42974651728481744
1.7448630950340982
0.826348848201445
1.5276362984385174
0.36318412094159624
0.7087957072636809
0.7037691436982506
0.6734815589104699
1.4709726020524274
0.2671469710915279
1.3574675678233308
1.7006137618472357
2.2327014456771366
0.24991872418796238
0.9572016111070425
0.44045483793681095
1.9294028795160054
1.895190551322468
0.3231781345046984
0.005495238465579713
0.6384760852662383
1.2915522616327628
0.7685268577857536
1.6005165523830214
2.0856571895276965
1.6606113398651643
1.6668914070516485
1.8260425045429067
1.8692372692812929
2.4131300708074366
1.4822579129028124
1.8414225069723509
0.07854033773597868
2.3607375887962223
0.3351625239809728
0.6360413740904225
2.256741526740149
1.4056692614943886
1.5747415066051995
1.4775394064454415
2.1417704835245646
2.116970936188955
0.2787657432470984
1.6285479645466436
1.062746882873947
1.2318175404761496
2.479797030638565
2.0368229250639294
2.233105121571492
0.303421730293863
1.8169003360865066
1.2771291820263904
0.03983583395522016
0.7705475008024807
0.7786260888950621
0.2444993672228903
1.782091719818423
1.6112034765244458
1.516794805766538
0.16268081779951363
0.7019995841149399
0.9492021520050044
2.205801294197853
0.18549391205985596
0.03914233134208589
1.3243436985219106
1.9942844749512283
0.4213052210528091
0.20472556360937244
2.11972233951719
0.7724585218200761
2.0403880630065006
2.0457725320069398
0.7227680131244906
1.0902210469005058
1.4639213646610805
0.133542458190928
0.1208024465701083
2.0740851848562216
1.5344714231606278
1.6703880285557227
1.4941862964828063
1.8719658041043892
1.9702260581742959
1.7495935257785311
1.31724510218107
1.8248426012645345
2.12028192440891
1.3140200217594074
1.0514343936609132
1.4393145730536372
0.8790597200741518
2.1080052035899506
1.6077072251490319
0.85813301546451
0.07358842528043863
1.9876669998778724
0.9146716146390974
0.7279689456689926
0.8692182189010795
1.681919655952238
1.163091860061949
1.1751060767838195
0.6822915672122725
0.8895947883763125
1.5917777080027051
0.636488011768919
2.3972813151986934
1.5302795321854379
2.051021102569773
1.0876700155282584
0.8158075572896382
0.9054535050232985
0.8829682196559396
1.9922800013480946
0.5002839284056466
0.26542766181698485
1.9162176735855605
0.09455749473503239
1.0117619787209347
0.5000304364488954
1.091355228672526
1.9451211670578537
1.801302585610416
1.0822919556929231
1.30406216225245
1.0869305589463725
0.4218428057430551
0.25381824378615114
1.6936758214083893
1.3986025936558366
1.0812004023353474
0.1548857494270367
1.7959378599435103
2.0391999076889817
1.9946113395797767
0.9411797854700004
0.19256370374936863
1.462776252116572
0.571369180860462
0.855534839811703
1.5467201335490013
1.0229303835915924
0.8453683416281862
0.8378073335897055
2.4168501982302595
0.45473318432762977
1.9464823948362775
1.8136027241652075
1.513359250438656
0.250800220476165
1.2730832991571694
0.597371689107886
1.5099308187679072
1.0408399746658925
0.10614484779654863
0.358315318931708
1.6486588863963498
1.8596240802838717
2.0093084631036375
