2.9470449306953403
4.339222623416553
0.8215339152818664
3.1342337207549065
1.2587850836476233
0.4134258351049732
2.1500003132328818
4.426962114824686
2.2668759403181604
1.4525466164602956
4.2193443800907975
1.8368406881293844
1.8674776196363452
1.4752069860407133
3.4024673709989894
3.103629952599369
1.239835106651985
2.509513712373574
3.955755107638045
1.645164812175943
4.672102625013813
4.098021984752883
3.246185893147864
4.2154788237772545
2.61233946982459
0.5456611657459143
3.3498658373402774
4.653367021551028
3.7186162764415553
1.0588968206006175
1.2149165326759022
1.1144611462293275
2.8995170524428655
5.2430834352668
3.9393373776973393
1.9744220611666967
3.0208328910319047
3.5203661908901758
4.730628704545052
1.7627897814608333
4.593437127967146
1.1193933744213398
4.657290156651175
1.744174784825044
2.881004781727885
3.055539616382393
2.125532299090103
3.6348157510682633
4.330296676550425
4.766206933793034
3.6780560040121033
4.154774860763339
1.2990022987326795
4.449974323741766
2.483286309682064
1.364245139190356
2.8226055651265614
2.632582298303753
2.904181233908046
0.18513213085106872
1.7771603854637992
3.0085840966879265
2.7296835382766957
1.98594803440046
1.5068548673761613
3.878944038571322
2.816676949499829
0.6505495299840142
2.4195743529596676
4.313711855053553
2.101996373821299
2.7439257011899247
3.7479578946495407
1.484895145065402
4.691890797507913
1.41199972188823
3.2807084715792
1.796519410598892
1.1990433629191037
1.905662977695605
2.9930285665843734
2.0591403690225816
3.791881772832567
4.814356899263675
1.3851920467038377
4.030560983950496
2.4910308525999114
3.3837542520264536
5.316671359155862
3.464136801995687
0.33744162147848755
5.354244396691669
1.9807765786131322
3.077436391000269
0.8906868418644622
1.127090707489789
1.799205723801054
3.037356241085829
1.0856021971905738
4.7549903871362655
4.762164939948131
0.8624955541363191
4.444801232217723
1.460603099819067
1.1577949853158862
4.6361778183129205
2.2322620553313577
2.54315515388037
3.0632007255356415
3.9144069259400225
2.4821319298934017
4.259678178493537
3.1014926801753386
4.366351945740309
2.070189612617119
3.8168756725502764
1.479441628965833
2.663435458257062
2.721429756878928
2.9022509529543803
2.1503309973553137
3.799578099700564
2.067684780497832
3.5881431007196074
3.823023598659196
3.0958624983801344
0.7222868264798129
3.048741237429062
1.097745630322614
1.914505506378172
2.3645824239050497
4.505616163020292
3.6558804851071005
3.6944738562566855
3.4437468315128354
3.2373074476732056
2.0081944357556027
0.7152713453570998
4.115116088338096
0.28948811255021467
1.1377695837431492
4.30942736115962
3.9489887153263106
1.819401460152377
4.386297495452755
4.016878989419437
0.8632594961117485
4.242692278084125
3.1095105228621893
1.3952586520761425
1.9953169452716708
0.6121891776656855
1.8096688085976538
0.8469552391866455
2.18790522120364
0.8520851483104246
4.2049973624764
1.8815263531744564
1.138148957179649
0.6055139252472883
0.6463168393488641
2.5375610281935215
3.4053814949790135
4.629184740179581
0.5231296330173287
1.82464445498863
3.3775030687422003
1.371602600682912
0.7599100190717549
3.526054030012801
1.0591829994813866
1.6153508149743063
4.1914795306945685
3.714846727592318
1.6991887141746387
2.9627742212461534
3.7566807979039103
4.22201054008571
4.643661963042537
2.5899928170034205
1.6885106943604942
1.5603320761477883
3.6618384984720223
1.070674210445815
1.418762456513943
3.588689269760785
3.913874749486845
3.873874604778916
2.0364184176175986
4.008347489853057
4.123317837581796
3.1359359782805747
4.193739560158076
3.2928980715675467
2.7392416815441654
1.2410996510922643
3.0720431001397026
0.07396169213741977
2.52268071335147
5.126571342481604
3.667939397756773
3.1389793676606996
0.9621522594602566
0.1703140011551656
4.84658928850164
2.2073438838168378
0.7554815475853346
1.3342654838941357
3.208411340590049
4.067829662753792
3.1642182965822343
1.5916238426716578
3.624421876476986
4.349968650740091
1.6642327598209024
1.0967508362058802
4.120174553083544
3.793730364321344
4.193801043785577
1.9713984314326056
4.123231530633376
1.1228635431884644
3.145843317227056
3.4400739183995035
3.8506327423985525
2.7693388910960977
2.293088612519383
3.0428841180717168
2.408162033168312
4.133356727235704
3.2842538376297736
4.077610285853786
3.8456952365102293
3.428253554932742
3.855127306247736
3.6459650071438534
1.33599096889183
4.388137650568946
1.8292251097235692
3.9449486426044804
3.1494080342382422
3.078852829632807
0.9744825735291516
1.2786848214123439
2.4279501695397787
1.4237154143013084
2.8675074281880395
0.3829381553135479
1.3979203525391926
2.343425619815881
1.5805788534421386
1.585156353066018
2.556133824178888
4.689619891857555
3.265600926935563
3.012892153096117
4.552833841028731
0.9571647599171527
2.0419960282934744
1.141116814431674
1.351658786374898
3.8706619743288986
4.181269297434866
1.2622925205919522
1.7326517788663116
3.7510378700034357
2.9823567397730115
2.5935255590094557
3.0869195856108935
2.723502178426707
3.171962133247672
0.7413187236855505
0.5098559443315739
0.4754533975114499
2.5227162700457946
3.3321739832552364
2.0206439971243997
3.8302951973638044
0.4395688864337809
3.692124243051855
2.2381960052864667
4.029538064739472
1.309943926994205
2.8393264880298656
4.603002294134659
2.578365969997857
4.941474701775482
1.9966758626297414
0.4232829029454569
4.426749567992451
1.5984742833961083
4.889401949162474
0.5271149976284438
3.5518659108066974
2.933789473163024
2.94652090757907
4.540987104735544
1.6829497397146471
2.8567866379789066
3.988283153671401
0.8572889154681499
4.365069589346716
2.669896386126477
3.593558509700827
2.2636536794401363
3.8254029014710413
3.823881104470863
1.288716075368018
2.058621197799095
0.2621146302762294
2.198272555351386
3.777998653331655
3.380857946806044
3.019456321647821
1.8394773430634195
3.567191727449907
3.1116893338336644
3.889052303004391
4.48388387148542
4.278022088278343
4.5959688256966995
3.781560318030829
1.6605225455080135
4.0309312569219715
4.245969194879272
1.3597079991085188
1.641341228123797
2.6885186556775738
4.323747849561217
5.056038230953196
4.728493426676021
3.010351030826378
3.895875378040674
2.1307062572429434
1.2893465119004155
1.5649364942142192
4.106478195908322
2.61247852253359
3.908375137649025
3.7779711465892727
3.348589287930646
3.5634739087549545
4.222927994868517
3.2870481974121164
3.8110186923794487
4.244210563502803
3.092786227036742
4.008511407099252
1.66289684538669
3.553357711494264
2.7135894194993755
4.816587790090289
5.376863370329444
3.2353816701635263
0.9842551180432668
2.4895733563115927
1.2771233016824406
3.0994871736347456
1.662762355414603
3.023892511257278
3.088890245640444
1.0591507629252372
3.2665842933367006
2.550310011923546
3.507341020512546
4.34384425465876
1.288880268141507
1.5297816915566556
3.467170019500019
3.6322751577984285
1.4419575422313138
3.6305566937964344
4.003579587901318
3.1933866460490226
1.8019153961495589
0.7536526165964187
2.559784526887328
0.8072435885558737
2.2726472991295816
1.3547975377644617
2.093585457198775
1.1375247598466747
4.893688442778239
2.326586223856995
2.903922483133576
3.3944246392947495
2.6504719100232266
2.4050300136955842
1.206669391140247
3.6387182970066436
1.1976409880293195
3.8331581837390964
1.671470608230923
4.026815217925653
4.2732986360319325
2.7458134455159287
2.0982427368540955
4.470070146542883
1.877343381882653
2.6994891020341027
3.7981275429243118
2.8389077678579517
3.7330443190205376
3.3356167396130463
1.8541712294429922
4.888351787667298
2.5823843505981734
1.162915762304083
3.3299020075114263
2.9884051420066746
4.376328100813675
1.2029897803362206
2.7025592436256938
4.4609893789099635
1.434011790210925
2.9978915746619186
4.595151611072095
0.7937888685811152
3.4769453885619566
3.2019671966807888
3.948463948343455
4.06916505848303
3.174161585874504
3.7913057274963857
2.5547150292565877
1.9797996662922688
1.1372372396776096
3.1448619452099074
0.9710102821203072
3.469914518460339
4.162116797101155
2.0545588779642774
2.525123668495156
2.967609150540602
1.8221352235134236
3.8346923963738995
1.5323621270760799
4.396298056342263
4.54549839419439
4.783262202145962
4.228682806639843
2.1960325019826454
2.133186020454221
2.3625464731602412
3.7199259430238167
4.1927349474014655
1.243693787876934
2.8966486904709257
4.776888598949658
1.4933677033344814
3.9470871055296204
3.1617039394538677
2.1594617835106544
1.921930593715955
2.7649266784936954
1.6271648181791294
1.1435616938703401
4.462851625964826
3.07723734831439
2.530652527440973
3.7615494057653156
0.7716282877029745
1.892363922137215
2.829947858622257
4.113252052855461
1.2816543741804258
2.207205382715532
0.9769466043175012
3.312569232015674
2.8532623939470607
1.4868816457082263
3.872208601544404
-0.12270963026697945
1.2491826106598112
2.902384415052188
4.656187855698381
2.381986819914969
1.0060904963026993
2.093298751784152
3.3837969448803205
2.0949830751150023
1.785230426933475
2.005212798578653
4.173010566200933
4.487390997093593
3.01064835317911
3.1394781350968994
0.9480374721681498
1.6782147705279564
3.082764244368672
3.609355047906979
3.008193149935908
2.5132260725746076
2.955597569309234
4.333125435865854
4.4585551524279845
4.220806801108149
2.9616973307474073
4.3502566976722425
1.9242887229578702
2.6937253078379912
1.913411795843258
1.0181346546749046
4.074986028670236
0.6278019405166682
1.319495007134327
0.5800748767614686
3.802924581338597
2.8429357998276696
3.853528741765781
3.0942348368498087
3.4296730430911215
3.3485810627454002
0.9238310326824856
4.6544739165072375
2.3345076475686874
1.8320656807381468
2.0102185906022036
4.672691949588413
0.7981723834029737
2.1876948099551408
1.0514943271135109
2.7444907441870523
2.5347912557216126
3.6482778572571197
1.236726093155338
3.2463833636270514
3.999944528491459
2.2853502971766932
3.691617841910761
3.9864386875054594
3.901029752116981
2.3590024898789244
3.531012059817568
4.107101010899068
2.7657132973362524
1.8366959596799362
2.738889559798749
1.1544379353754715
2.9276450469237165
3.072248350121699
2.685769786851788
4.422630038939994
3.7884932367724513
4.709197134449602
2.748997966894806
4.324617871140153
3.033310701435255
1.6290819889287693
1.3083252392095708
3.562126273644024
2.7150244944207547
1.1518415074710824
4.020973042084404
1.8740360837723533
3.0267067880203316
4.109956310436991
1.647701754905511
2.4716242110935176
2.1759293953564396
3.6142352405232474
1.714698761133408
3.493467880129299
2.0833872349376197
4.33765463335812
3.6239234241385754
4.502192556570099
2.942571607450042
2.7612139148417922
2.48834141786249
1.4135152222754948
3.266143848092498
4.068154749124465
1.8417692251944822
2.0497587291294863
2.726291866779251
4.497060463851376
2.7155859185931233
4.22984059080514
3.4529246376538887
3.9808144814822763
1.0455642596935353
1.9063532914945385
1.8919164569739952
0.5161127689131053
2.959459942137692
3.9710494492517103
4.083640400117748
4.0863095586401
4.0139528018387995
2.1851927817807
3.0054551587953258
4.292112971430153
0.9633980021969168
3.711770455928444
3.5967689132335607
1.3936286519374217
0.8174209922948004
3.4445155603068103
4.780621405199231
4.583848262642993
3.5890158836164217
1.1323790292242721
0.4700535790049639
0.6372388388578795
1.2514984232328137
0.6172795497013444
2.4537329539781965
3.3751831956723777
3.3195962309569653
2.105064214491149
2.0454561106120006
3.4488907353030753
4.345721293661665
1.1836338966841051
0.8664872670244294
3.819517295926676
2.2486392403046613
1.0253766512553861
2.928513027022669
3.9396702703072637
2.741912282139281
0.782881287617049
4.2035816713956375
4.12652347078965
0.8549635285289167
4.300440910016784
3.137990540681691
2.6822382416153556
1.8925495207571792
4.416734700999889
1.6306563198775978
1.0785631346949196
1.903746419688039
2.096954225161243
2.5030979308196453
2.906671029608191
3.5512425685721842
1.1291318430103328
3.5603866125045505
3.5813332462659813
3.988194016089236
2.579345705974626
1.458819903134475
3.900390544069555
1.8562016808086628
1.8846474677692286
0.9029395804137575
2.339077320409022
1.3761567268553736
1.5680991219178184
0.806483609330912
1.715373077064223
2.0159252559303176
4.685805777018278
2.508079886803006
3.574566141919791
3.6092680197907505
1.5168358599656515
0.6577500712843336
3.8146767746087633
4.33087569966536
4.077965972853614
1.2999215282808079
3.6934748154644095
2.1938982063422277
0.740843013741235
0.6761817514910262
3.0094904139302496
1.0738937028827946
3.569609390836945
2.5578861070168215
0.5597591488195971
3.812749867219954
3.4671242311176655
0.6728368435879593
0.4702738567412549
3.33953581718563
2.991557754287409
3.891825726691372
1.8747306459930932
2.119397579678781
4.21860882509661
2.355268901703152
2.1690798494500365
3.2758416381354314
3.0615144390687323
2.961531240206761
2.133623791687498
1.1309962891598382
2.0436748520418737
0.8341598370539959
1.5989617444198112
1.8164302460660606
2.791178601326779
3.6018930618826848
2.981445373173519
3.860799803210863
3.838696767418156
3.8624372111466796
3.889271246446594
0.8408693378748535
3.2625698350515915
0.6767288497110702
1.4595842919544624
4.918794321584682
0.7059824242783408
3.4580667606338165
1.5448760129545287
1.9670720231965397
4.08930864881573
3.3976337905764695
4.895508289081951
3.1199089292636737
2.489215346795084
1.9968032128290512
4.872727385635399
3.6813766219320856
1.2572618676384568
4.080396468544962
1.7519652751973627
1.5355496112949112
2.9839972731135407
2.980999716310648
3.8317089695148816
1.665710116654237
1.4247455534158806
0.8288969711227311
1.969079226942243
3.929917204856178
1.0546253221635065
2.585977885573646
4.537876508207539
2.824414018438961
3.5778647420430008
2.141810932327119
4.488857117674923
3.8817436527698304
1.1055574608965013
0.8963201590103309
4.469196769784936
2.0216211382691602
4.186729687843946
3.887219675327549
3.6850854870547747
1.6661835665881086
5.027400490589653
2.016219903727608
4.431181006061579
1.8071714873480946
1.9037148650889768
1.8325982235772522
1.296717154976875
4.629727412992034
2.9787953326585024
2.1821854020290363
4.3616697928581365
2.7791830415458003
3.7167649814255075
2.879933810591123
4.088453173943161
0.67844057315647
1.0888869482651589
3.499881297300306
3.3195729418273783
3.7144901962402956
2.723601672430731
1.662769417002584
3.1902558719932905
1.3741250941328447
3.0880181492363574
1.6057059118187165
2.781004258325379
1.4422409513687604
2.275054224115607
3.3720890628625995
0.5341147595375855
4.279283892953453
3.9691725486861635
3.093572676117392
1.2939979831348063
1.14311843194198
1.5185598111866663
3.841985215824909
4.060683295993709
1.1448179387339774
1.131849804128255
1.5766993580974942
3.6477746612824875
1.7089269335445072
3.4361520831506707
4.3692359083181
3.9175104121823088
4.55160547555563
4.397663186040361
5.124290695719052
2.0990841336543644
3.871418536913624
3.990456694523509
1.24824339521273
2.8271401021732214
1.596618531712954
0.9959839186410967
3.7777858497710017
2.8777103690781325
4.3169955500419945
3.7903286134903595
4.626919377680716
3.8744344799998807
1.16375150760839
4.173868074442513
2.57315397155824
2.4545804299391403
1.9494511442406053
4.42450427309694
2.9086217194351263
1.937797140259327
4.553647928699765
3.735980189678045
1.4993431321952184
2.149132537326815
2.190795313048076
0.049692642994111136
4.505665912789415
3.4522625397301017
4.480864400260936
1.2258638577154626
2.198782781279193
2.2423275125562196
4.379357633783147
1.135890425082784
0.44662831650850865
3.2955207179499917
4.4187964148114425
1.3406719649427723
1.0756663945353795
4.170650697637478
2.116262939785141
5.55559652651316
5.030579419463167
1.2529490618152541
2.7880412871393387
3.519752815040081
1.335490176633068
0.7819461068284719
4.524385142497228
2.899747198142989
3.3507285934208215
3.259786978256661
4.507971719289098
3.864875683186061
4.203343471381662
3.997654613641263
4.069532876835849
4.250016948467802
3.0229352754451635
2.529623470895106
2.9064131539693254
1.161087054924594
4.450265868565424
4.155221090490664
2.3924136953609523
2.2704688584115758
3.7247543734263378
2.92518685883924
1.3808034529530717
1.5955054712466081
3.7625754073727444
2.8966874999113164
1.5476316084074848
1.833945884715
2.6607639334094375
4.125732978396052
2.6204816586931337
3.1707660845634313
3.180324686464289
4.827452004208609
2.3011608178745004
1.3364590735551962
2.878352401156706
2.1639563488409435
3.9581051006413768
1.0469430934583364
1.0933448153490066
3.7589945815824453
1.4068915051277333
2.4409643170783757
1.9597299270299253
2.727558022179038
4.5789655723281175
3.9202955072515158
2.9221432708665103
2.7244459863685986
2.9909387614030947
0.6046402224692059
0.9610698372555433
4.221258057707472
3.9277936910550397
1.8281996015793456
1.0699837594474033
4.431264068747966
4.616615997354576
4.4726683247531485
1.938258579009619
1.1887656775645323
3.237982037494601
1.6175892074475149
1.932765554483713
3.50293223405559
2.3588403011206145
2.024472302369798
1.4928337617484249
2.3977028269109857
0.8595278735651988
3.7009410829208362
4.826243987175694
3.92111257632978
1.757832470107831
3.170141771936039
1.3994543080684543
3.427707842157415
3.016374656980883
0.5025901789727415
1.535862112183106
4.532583957827303
4.4584367967734995
4.322510606484184
